 program polrad20 version from 10.04.1997

 the file gives born asymmetry, observed asymmetry
 and radiative correstion

 the following switches are active
   polrad strffun integrat polrad_add fits2 exact elect long kin_net 
   targ_c f2nmc_d8 g1asym g2_eq_0 pol_asym 

 leptons are electrons
 target is carbon
 target is longitudinally polarized
 bmom =  10.6
 tmom =   0.0
    pl = 0.00    pn = 0.00   qn = 0.00

 a is in %

      x      w2       q2  a(born)  a(obs)  del(%) 
   0.001     1.2     0.0  -0.000  -0.000   0.000
   0.001     1.3     0.0  -0.000  -0.000   0.000
   0.001     1.5     0.0  -0.000  -0.000   0.000
   0.001     1.7     0.0  -0.000  -0.000   0.000
   0.001     1.9     0.0  -0.000  -0.000   0.000
   0.001     2.1     0.0  -0.000  -0.000   0.000
   0.001     2.3     0.0  -0.000  -0.000   0.000
   0.001     2.5     0.0  -0.000  -0.000   0.000
   0.001     2.7     0.0  -0.000  -0.000   0.000
   0.001     2.9     0.0  -0.000  -0.000   0.000
   0.001     3.4     0.0  -0.000  -0.000   0.000
   0.001     3.9     0.0  -0.000  -0.000   0.000
   0.001     4.4     0.0  -0.000  -0.000   0.000
   0.001     4.9     0.0  -0.000  -0.000   0.000
   0.001     6.8     0.0  -0.000  -0.000   0.000
   0.001     8.8     0.0  -0.000  -0.000   0.000
   0.001    10.8     0.0  -0.000  -0.000   0.000
   0.001    12.8     0.0  -0.000  -0.000   0.000
   0.001    13.8     0.0  -0.000  -0.000   0.000
   0.001    14.8     0.0  -0.000  -0.000   0.000
   0.001    15.8     0.0  -0.000  -0.000   0.000
   0.001    16.8     0.0  -0.000  -0.000   0.000
   0.001    17.3     0.0  -0.000  -0.000   0.000
   0.001    17.8     0.0  -0.000  -0.000   0.000
   0.001    18.3     0.0  -0.000  -0.000   0.000
   0.001    18.8     0.0  -0.000  -0.000   0.000
   0.001    19.0     0.0  -0.000  -0.000   0.000
   0.001    19.2     0.0  -0.000  -0.000   0.000
   0.001    19.4     0.0  -0.000  -0.000   0.000
   0.001    19.6     0.0  -0.000  -0.000   0.000
   0.001    19.8     0.0  -0.000  -0.000   0.000
   0.001    20.0     0.0  -0.000  -0.000   0.000
   0.001    20.2     0.0  -0.000  -0.000   0.000
   0.001    20.4     0.0  -0.000  -0.000   0.000
   0.001    20.6     0.0  -0.000  -0.000   0.000
   0.010     1.2     0.0  -0.000  -0.000   0.000
   0.010     1.3     0.0  -0.000  -0.000   0.000
   0.010     1.5     0.0  -0.000  -0.000   0.000
   0.010     1.7     0.0  -0.000  -0.000   0.000
   0.010     1.9     0.0  -0.000  -0.000   0.000
   0.010     2.1     0.0  -0.000  -0.000   0.000
   0.010     2.3     0.0  -0.000  -0.000   0.000
   0.010     2.5     0.0  -0.000  -0.000   0.000
   0.010     2.7     0.0  -0.000  -0.000   0.000
   0.010     2.8     0.0  -0.000  -0.000   0.000
   0.010     3.3     0.0  -0.000  -0.000   0.000
   0.010     3.8     0.0  -0.000  -0.000   0.000
   0.010     4.3     0.0  -0.000  -0.000   0.000
   0.010     4.8     0.0  -0.000  -0.000   0.000
   0.010     6.8     0.1  -0.000  -0.000   0.000
   0.010     8.8     0.1  -0.000  -0.000   0.000
   0.010    10.7     0.1  -0.000  -0.000   0.000
   0.010    12.7     0.1  -0.000  -0.000   0.000
   0.010    13.7     0.1  -0.000  -0.000   0.000
   0.010    14.7     0.1  -0.000  -0.000   0.000
   0.010    15.6     0.1  -0.000  -0.000   0.000
   0.010    16.6     0.2  -0.000  -0.000   0.000
   0.010    17.1     0.2  -0.000  -0.000   0.000
   0.010    17.6     0.2  -0.000  -0.000   0.000
   0.010    18.1     0.2  -0.000  -0.000   0.000
   0.010    18.6     0.2  -0.000  -0.000   0.000
   0.010    18.8     0.2  -0.000  -0.000   0.000
   0.010    19.0     0.2  -0.000  -0.000   0.000
   0.010    19.2     0.2  -0.000  -0.000   0.000
   0.010    19.4     0.2  -0.000  -0.000   0.000
   0.010    19.6     0.2  -0.000  -0.000   0.000
   0.010    19.8     0.2  -0.000  -0.000   0.000
   0.010    20.0     0.2  -0.000  -0.000   0.000
   0.010    20.2     0.2  -0.000  -0.000   0.000
   0.010    20.4     0.2  -0.000  -0.000   0.000
   0.100     1.2     0.0  -0.000  -0.000   0.000
   0.100     1.4     0.1  -0.000  -0.000   0.000
   0.100     1.6     0.1  -0.000  -0.000   0.000
   0.100     1.8     0.1  -0.000  -0.000   0.000
   0.100     2.0     0.1  -0.000  -0.000   0.000
   0.100     2.1     0.1  -0.000  -0.000   0.000
   0.100     2.3     0.2  -0.000  -0.000   0.000
   0.100     2.5     0.2  -0.000  -0.000   0.000
   0.100     2.7     0.2  -0.000  -0.000   0.000
   0.100     3.1     0.2  -0.000  -0.000   0.000
   0.100     3.6     0.3  -0.000  -0.000   0.000
   0.100     4.0     0.3  -0.000  -0.000   0.000
   0.100     4.5     0.4  -0.000  -0.000   0.000
   0.100     6.3     0.6  -0.000  -0.000   0.000
   0.100     8.0     0.8  -0.000  -0.000   0.000
   0.100     9.8     1.0  -0.000  -0.000   0.000
   0.100    11.6     1.2  -0.000  -0.000   0.000
   0.100    12.5     1.3  -0.000  -0.000   0.000
   0.100    13.4     1.4  -0.000  -0.000   0.000
   0.100    14.3     1.5  -0.000  -0.000   0.000
   0.100    15.2     1.6  -0.000  -0.000   0.000
   0.100    15.6     1.6  -0.000  -0.000   0.000
   0.100    16.1     1.7  -0.000  -0.000   0.000
   0.100    16.5     1.7  -0.000  -0.000   0.000
   0.100    17.0     1.8  -0.000  -0.000   0.000
   0.100    17.2     1.8  -0.000  -0.000   0.000
   0.100    17.4     1.8  -0.000  -0.000   0.000
   0.100    17.5     1.8  -0.000  -0.000   0.000
   0.100    17.7     1.9  -0.000  -0.000   0.000
   0.100    17.9     1.9  -0.000  -0.000   0.000
   0.100    18.1     1.9  -0.000  -0.000   0.000
   0.100    18.2     1.9  -0.000  -0.000   0.000
   0.100    18.4     1.9  -0.000  -0.000   0.000
   0.100    18.6     2.0  -0.000  -0.000   0.000
   0.500     1.2     0.3  -0.000  -0.000   0.000
   0.500     1.3     0.4  -0.000  -0.000   0.000
   0.500     1.4     0.5  -0.000  -0.000   0.000
   0.500     1.5     0.6  -0.000  -0.000   0.000
   0.500     1.6     0.7  -0.000  -0.000   0.000
   0.500     1.7     0.8  -0.000  -0.000   0.000
   0.500     1.8     0.9  -0.000  -0.000   0.000
   0.500     1.9     1.0  -0.000  -0.000   0.000
   0.500     2.1     1.2  -0.000  -0.000   0.000
   0.500     2.4     1.5  -0.000  -0.000   0.000
   0.500     2.6     1.7  -0.000  -0.000   0.000
   0.500     2.9     2.0  -0.000  -0.000   0.000
   0.500     3.9     3.0  -0.000  -0.000   0.000
   0.500     4.9     4.0  -0.000  -0.000   0.000
   0.500     5.9     5.0  -0.000  -0.000   0.000
   0.500     6.8     6.0  -0.000  -0.000   0.000
   0.500     7.3     6.5  -0.000  -0.000   0.000
   0.500     7.8     7.0  -0.000  -0.000   0.000
   0.500     8.3     7.5  -0.000  -0.000   0.000
   0.500     8.8     8.0  -0.000  -0.000   0.000
   0.500     9.1     8.2  -0.000  -0.000   0.000
   0.500     9.3     8.5  -0.000  -0.000   0.000
   0.500     9.6     8.7  -0.000  -0.000   0.000
   0.500     9.8     9.0  -0.000  -0.000   0.000
   0.500     9.9     9.1  -0.000  -0.000   0.000
   0.500    10.0     9.2  -0.000  -0.000   0.000
   0.500    10.1     9.2  -0.000  -0.000   0.000
   0.500    10.2     9.3  -0.000  -0.000   0.000
   0.500    10.3     9.4  -0.000  -0.000   0.000
   0.500    10.4     9.5  -0.000  -0.000   0.000
   0.500    10.5     9.6  -0.000  -0.000   0.000
   0.900     1.2     2.7  -0.000  -0.000   0.000
   0.900     1.2     3.1  -0.000  -0.000   0.000
   0.900     1.3     3.6  -0.000  -0.000   0.000
   0.900     1.5     5.4  -0.000  -0.000   0.000
   0.900     1.7     7.2  -0.000  -0.000   0.000
   0.900     1.9     9.0  -0.000  -0.000   0.000
   0.900     2.1    10.7  -0.000  -0.000   0.000
   0.900     2.2    11.6  -0.000  -0.000   0.000
   0.900     2.3    12.5  -0.000  -0.000   0.000
   0.900     2.4    13.4  -0.000  -0.000   0.000
   0.900     2.5    14.3  -0.000  -0.000   0.000
   0.900     2.5    14.8  -0.000  -0.000   0.000
   0.900     2.6    15.2  -0.000  -0.000   0.000
   0.900     2.6    15.7  -0.000  -0.000   0.000
   0.900     2.7    16.1  -0.000  -0.000   0.000
   0.900     2.7    16.3  -0.000  -0.000   0.000
   0.900     2.7    16.5  -0.000  -0.000   0.000
   0.900     2.7    16.6  -0.000  -0.000   0.000
   0.900     2.8    16.8  -0.000  -0.000   0.000
   0.900     2.8    17.0  -0.000  -0.000   0.000
   0.900     2.8    17.2  -0.000  -0.000   0.000
